Tech02-B01-R01;Target1;201;207;203;205;206;106;202;204;200;100;207;107;106;206;103;104;107;101;105;102;
Tech02-B01-R01;Target2;101;107;103;105;106;206;102;104;100;200;106;206;207;107;203;204;207;201;205;202;
Tech02-B01-R01;AllTargets;(201, 101);(207, 107);(203, 103);(205, 105);(206, 106);(106, 206);(202, 102);(204, 104);(200, 100);(100, 200);(207, 106);(107, 206);(106, 207);(206, 107);(103, 203);(104, 204);(107, 207);(101, 201);(105, 205);(102, 202);
Tech02-B01-R01;RamdonSeq;11;17;13;15;16;6;12;14;10;0;19;9;8;18;3;4;7;1;5;2;

Tech02-B01-R01;Target1;204;107;202;102;205;106;201;203;103;200;206;106;206;207;105;104;107;207;100;101;
Tech02-B01-R01;Target2;104;207;102;202;105;206;101;103;203;100;107;207;106;106;205;204;206;107;200;201;
Tech02-B01-R01;AllTargets;(204, 104);(107, 207);(202, 102);(102, 202);(205, 105);(106, 206);(201, 101);(203, 103);(103, 203);(200, 100);(206, 107);(106, 207);(206, 106);(207, 106);(105, 205);(104, 204);(107, 206);(207, 107);(100, 200);(101, 201);
Tech02-B01-R01;RamdonSeq;14;7;12;2;15;6;11;13;3;10;18;8;16;19;5;4;9;17;0;1;

Tech02-B01-R01;Target1;105;101;205;107;207;203;102;106;107;204;206;207;201;104;106;206;202;103;200;100;
Tech02-B01-R01;Target2;205;201;105;207;107;103;202;207;206;104;107;106;101;204;206;106;102;203;100;200;
Tech02-B01-R01;AllTargets;(105, 205);(101, 201);(205, 105);(107, 207);(207, 107);(203, 103);(102, 202);(106, 207);(107, 206);(204, 104);(206, 107);(207, 106);(201, 101);(104, 204);(106, 206);(206, 106);(202, 102);(103, 203);(200, 100);(100, 200);
Tech02-B01-R01;RamdonSeq;5;1;15;7;17;13;2;8;9;14;18;19;11;4;6;16;12;3;10;0;

