Tech00-B01-R01;Target1;104;204;106;207;107;206;205;202;200;107;101;106;207;100;103;201;102;105;203;206;
Tech00-B01-R01;Target2;204;104;206;107;207;107;105;102;100;206;201;207;106;200;203;101;202;205;103;106;
Tech00-B01-R01;AllTargets;(104, 204);(204, 104);(106, 206);(207, 107);(107, 207);(206, 107);(205, 105);(202, 102);(200, 100);(107, 206);(101, 201);(106, 207);(207, 106);(100, 200);(103, 203);(201, 101);(102, 202);(105, 205);(203, 103);(206, 106);
Tech00-B01-R01;RamdonSeq;4;14;6;17;7;18;15;12;10;9;1;8;19;0;3;11;2;5;13;16;

Tech02-B01-R01;Target1;201;207;203;205;206;106;202;204;200;100;207;107;106;206;103;104;107;101;105;102;
Tech02-B01-R01;Target2;101;107;103;105;106;206;102;104;100;200;106;206;207;107;203;204;207;201;205;202;
Tech02-B01-R01;AllTargets;(201, 101);(207, 107);(203, 103);(205, 105);(206, 106);(106, 206);(202, 102);(204, 104);(200, 100);(100, 200);(207, 106);(107, 206);(106, 207);(206, 107);(103, 203);(104, 204);(107, 207);(101, 201);(105, 205);(102, 202);
Tech02-B01-R01;RamdonSeq;11;17;13;15;16;6;12;14;10;0;19;9;8;18;3;4;7;1;5;2;

Tech00-B01-R01;Target1;207;203;107;106;201;102;200;207;204;105;100;206;104;106;103;202;205;206;101;107;
Tech00-B01-R01;Target2;106;103;207;207;101;202;100;107;104;205;200;106;204;206;203;102;105;107;201;206;
Tech00-B01-R01;AllTargets;(207, 106);(203, 103);(107, 207);(106, 207);(201, 101);(102, 202);(200, 100);(207, 107);(204, 104);(105, 205);(100, 200);(206, 106);(104, 204);(106, 206);(103, 203);(202, 102);(205, 105);(206, 107);(101, 201);(107, 206);
Tech00-B01-R01;RamdonSeq;19;13;7;8;11;2;10;17;14;5;0;16;4;6;3;12;15;18;1;9;

