Tech00-B01-R01;Target1;101;208;204;206;203;210;106;109;108;111;201;111;211;102;103;209;205;104;105;202;100;211;110;207;107;200;110;210;
Tech00-B01-R01;Target2;201;108;104;106;103;110;206;209;208;211;101;210;110;202;203;109;105;204;205;102;200;111;211;107;207;100;210;111;
Tech00-B01-R01;AllTargets;(101, 201);(208, 108);(204, 104);(206, 106);(203, 103);(210, 110);(106, 206);(109, 209);(108, 208);(111, 211);(201, 101);(111, 210);(211, 110);(102, 202);(103, 203);(209, 109);(205, 105);(104, 204);(105, 205);(202, 102);(100, 200);(211, 111);(110, 211);(207, 107);(107, 207);(200, 100);(110, 210);(210, 111);
Tech00-B01-R01;RamdonSeq;1;22;18;20;17;24;6;9;8;11;15;13;26;2;3;23;19;4;5;16;0;25;12;21;7;14;10;27;

Tech00-B01-R01;Target1;205;204;109;209;108;202;100;110;201;105;211;200;107;110;101;208;106;210;203;211;210;104;111;206;111;102;103;207;
Tech00-B01-R01;Target2;105;104;209;109;208;102;200;211;101;205;111;100;207;210;201;108;206;111;103;110;110;204;210;106;211;202;203;107;
Tech00-B01-R01;AllTargets;(205, 105);(204, 104);(109, 209);(209, 109);(108, 208);(202, 102);(100, 200);(110, 211);(201, 101);(105, 205);(211, 111);(200, 100);(107, 207);(110, 210);(101, 201);(208, 108);(106, 206);(210, 111);(203, 103);(211, 110);(210, 110);(104, 204);(111, 210);(206, 106);(111, 211);(102, 202);(103, 203);(207, 107);
Tech00-B01-R01;RamdonSeq;19;18;9;23;8;16;0;12;15;5;25;14;7;10;1;22;6;27;17;26;24;4;13;20;11;2;3;21;

Tech01-B01-R01;Target1;205;100;210;107;210;103;110;111;111;104;211;101;109;105;211;209;202;204;206;203;108;208;201;106;102;110;200;207;
Tech01-B01-R01;Target2;105;200;110;207;111;203;211;210;211;204;111;201;209;205;110;109;102;104;106;103;208;108;101;206;202;210;100;107;
Tech01-B01-R01;AllTargets;(205, 105);(100, 200);(210, 110);(107, 207);(210, 111);(103, 203);(110, 211);(111, 210);(111, 211);(104, 204);(211, 111);(101, 201);(109, 209);(105, 205);(211, 110);(209, 109);(202, 102);(204, 104);(206, 106);(203, 103);(108, 208);(208, 108);(201, 101);(106, 206);(102, 202);(110, 210);(200, 100);(207, 107);
Tech01-B01-R01;RamdonSeq;19;0;24;7;27;3;12;13;11;4;25;1;9;5;26;23;16;18;20;17;8;22;15;6;2;10;14;21;

Tech02-B01-R01;Target1;111;108;101;204;110;103;109;200;201;209;210;110;208;111;102;207;210;211;203;205;211;106;202;105;100;107;206;104;
Tech02-B01-R01;Target2;211;208;201;104;210;203;209;100;101;109;110;211;108;210;202;107;111;110;103;105;111;206;102;205;200;207;106;204;
Tech02-B01-R01;AllTargets;(111, 211);(108, 208);(101, 201);(204, 104);(110, 210);(103, 203);(109, 209);(200, 100);(201, 101);(209, 109);(210, 110);(110, 211);(208, 108);(111, 210);(102, 202);(207, 107);(210, 111);(211, 110);(203, 103);(205, 105);(211, 111);(106, 206);(202, 102);(105, 205);(100, 200);(107, 207);(206, 106);(104, 204);
Tech02-B01-R01;RamdonSeq;11;8;1;18;10;3;9;14;15;23;24;12;22;13;2;21;27;26;17;19;25;6;16;5;0;7;20;4;

