Tech00-B01-R01;Target1;104;204;106;207;107;206;205;202;200;107;101;106;207;100;103;201;102;105;203;206;
Tech00-B01-R01;Target2;204;104;206;107;207;107;105;102;100;206;201;207;106;200;203;101;202;205;103;106;
Tech00-B01-R01;AllTargets;(104, 204);(204, 104);(106, 206);(207, 107);(107, 207);(206, 107);(205, 105);(202, 102);(200, 100);(107, 206);(101, 201);(106, 207);(207, 106);(100, 200);(103, 203);(201, 101);(102, 202);(105, 205);(203, 103);(206, 106);
Tech00-B01-R01;RamdonSeq;4;14;6;17;7;18;15;12;10;9;1;8;19;0;3;11;2;5;13;16;

Tech00-B01-R01;Target1;206;100;106;101;105;207;201;107;202;206;203;106;205;204;107;103;200;104;207;102;
Tech00-B01-R01;Target2;107;200;207;201;205;106;101;206;102;106;103;206;105;104;207;203;100;204;107;202;
Tech00-B01-R01;AllTargets;(206, 107);(100, 200);(106, 207);(101, 201);(105, 205);(207, 106);(201, 101);(107, 206);(202, 102);(206, 106);(203, 103);(106, 206);(205, 105);(204, 104);(107, 207);(103, 203);(200, 100);(104, 204);(207, 107);(102, 202);
Tech00-B01-R01;RamdonSeq;18;0;8;1;5;19;11;9;12;16;13;6;15;14;7;3;10;4;17;2;

Tech00-B01-R01;Target1;107;106;105;206;103;101;205;104;107;106;207;203;102;100;207;201;206;200;204;202;
Tech00-B01-R01;Target2;206;207;205;106;203;201;105;204;207;206;107;103;202;200;106;101;107;100;104;102;
Tech00-B01-R01;AllTargets;(107, 206);(106, 207);(105, 205);(206, 106);(103, 203);(101, 201);(205, 105);(104, 204);(107, 207);(106, 206);(207, 107);(203, 103);(102, 202);(100, 200);(207, 106);(201, 101);(206, 107);(200, 100);(204, 104);(202, 102);
Tech00-B01-R01;RamdonSeq;9;8;5;16;3;1;15;4;7;6;17;13;2;0;19;11;18;10;14;12;

Tech00-B01-R01;Target1;200;203;205;107;100;201;204;106;104;206;202;206;107;207;103;207;102;105;106;101;
Tech00-B01-R01;Target2;100;103;105;207;200;101;104;207;204;107;102;106;206;107;203;106;202;205;206;201;
Tech00-B01-R01;AllTargets;(200, 100);(203, 103);(205, 105);(107, 207);(100, 200);(201, 101);(204, 104);(106, 207);(104, 204);(206, 107);(202, 102);(206, 106);(107, 206);(207, 107);(103, 203);(207, 106);(102, 202);(105, 205);(106, 206);(101, 201);
Tech00-B01-R01;RamdonSeq;10;13;15;7;0;11;14;8;4;18;12;16;9;17;3;19;2;5;6;1;

Tech00-B01-R01;Target1;101;206;106;203;103;207;106;104;107;100;107;204;200;206;207;105;102;201;205;202;
Tech00-B01-R01;Target2;201;106;206;103;203;106;207;204;206;200;207;104;100;107;107;205;202;101;105;102;
Tech00-B01-R01;AllTargets;(101, 201);(206, 106);(106, 206);(203, 103);(103, 203);(207, 106);(106, 207);(104, 204);(107, 206);(100, 200);(107, 207);(204, 104);(200, 100);(206, 107);(207, 107);(105, 205);(102, 202);(201, 101);(205, 105);(202, 102);
Tech00-B01-R01;RamdonSeq;1;16;6;13;3;19;8;4;9;0;7;14;10;18;17;5;2;11;15;12;

Tech00-B01-R01;Target1;207;203;107;106;201;102;200;207;204;105;100;206;104;106;103;202;205;206;101;107;
Tech00-B01-R01;Target2;106;103;207;207;101;202;100;107;104;205;200;106;204;206;203;102;105;107;201;206;
Tech00-B01-R01;AllTargets;(207, 106);(203, 103);(107, 207);(106, 207);(201, 101);(102, 202);(200, 100);(207, 107);(204, 104);(105, 205);(100, 200);(206, 106);(104, 204);(106, 206);(103, 203);(202, 102);(205, 105);(206, 107);(101, 201);(107, 206);
Tech00-B01-R01;RamdonSeq;19;13;7;8;11;2;10;17;14;5;0;16;4;6;3;12;15;18;1;9;

Tech00-B01-R01;Target1;107;104;105;201;107;204;207;202;101;102;100;106;206;206;103;200;205;203;207;106;
Tech00-B01-R01;Target2;207;204;205;101;206;104;106;102;201;202;200;206;107;106;203;100;105;103;107;207;
Tech00-B01-R01;AllTargets;(107, 207);(104, 204);(105, 205);(201, 101);(107, 206);(204, 104);(207, 106);(202, 102);(101, 201);(102, 202);(100, 200);(106, 206);(206, 107);(206, 106);(103, 203);(200, 100);(205, 105);(203, 103);(207, 107);(106, 207);
Tech00-B01-R01;RamdonSeq;7;4;5;11;9;14;19;12;1;2;0;6;18;16;3;10;15;13;17;8;

